238,3
238,2
238,1
238,0
237,3
237,2
237,1
237,0
236,3
236,2
236,1
236,0
235,3
235,2
235,1
235,0
234,3
234,2
234,1
234,0
233,3
233,2
233,1
233,0
232,3
232,2
232,1
232,0
231,8
0,379
231,7
0,378
231,6
231,5
231,4
0,368
0,357
0,354
231,3
231,2
231,1
231,0
230,3
230,2
230,1
230,0
229,4
229,3
229,2
229,1
229,0
228,3
228,2
228,1
228,0
227,4
227,3
227,2
227,1
227,0
226,3
226,2
226,1
226,0
0,348
0,347
0,344
0,336
0,333
0,329
0,324
0,316
225,3
225,2
225,1
225,0
224,3
224,2
224,1
224,0
223,3
223,2
223,1
223,0
222,5
222,4
222,3
222,2
222,1
222,0
221,3
221,2
221,1
221,0
218,3
218,2
218,1
218,0
217,3
217,2
217,1
217,0
216,3
216,2
216,1
216,0
215,3
215,2
215,1
215,0
214,3
214,2
214,1
214,0
213,3
213,2
213,1
213,0
212,3
212,2
212,1
212,0
211,8
211,7
211,6
211,5
211,4
211,3
211,2
211,1
211,0
210,3
210,2
210,1
210,0
209,4
209,3
209,2
209,1
209,0
208,3
208,2
208,1
208,0
207,4
207,3
207,2
207,1
207,0
206,3
206,2
206,1
206,0
205,3
205,2
205,1
205,0
204,3
204,2
204,1
204,0
203,3
203,2
203,1
203,0
202,5
202,4
202,3
202,2
202,1
202,0
201,3
201,2
201,1
201,0
4,3
4,2
4,1
4,0
3,6
3,5
3,4
3,3
3,2
3,1
3,0
2,3
2,2
2,1
2,0
1,3
1,2
1,1
1,0
0,408
0,322
0,243
0,9
0,1
0,0
0,310
0,305
0,308
0,304
0,303
0,302
0,307
0,12
0,10
0,8
0,364
0,300
0,376
0,299
0,386
0,298
0,410
0,297
0,409
0,296
0,361
0,295
0,331
0,294
0,335
0,293
0,317
0,292
0,315
0,291
0,337
0,290
0,393
0,289
0,429
0,288
0,328
0,287
0,360
0,286
0,306
0,285
0,444
0,284
0,301
0,283
0,282
0,437
0,281
0,442
0,280
0,436
0,279
0,433
0,278
0,421
0,277
0,312
0,276
0,327
0,275
0,389
0,274
0,445
0,273
0,428
0,272
0,382
0,271
0,319
0,270
0,447
0,269
0,311
0,268
0,375
0,267
0,435
0,266
0,314
0,265
0,414
0,264
0,404
0,263
0,318
0,262
0,384
0,261
0,320
0,260
0,401
0,259
0,431
0,258
0,427
0,257
0,396
0,256
0,255
0,350
0,254
0,323
0,253
0,321
0,252
0,362
0,251
0,250
0,422
0,249
0,425
0,248
0,419
0,247
0,397
0,246
0,245
0,402
0,244
0,372
0,242
0,403
0,241
0,367
0,240
0,365
0,239
0,405
0,238
0,325
0,237
0,413
0,236
0,363
0,235
0,346
0,234
0,381
0,233
0,385
0,232
0,309
0,231
0,230
0,229
0,392
0,228
0,374
0,227
0,443
0,226
0,371
0,225
0,334
0,224
0,366
0,223
0,417
0,222
0,383
0,221
0,395
0,220
0,416
0,219
0,343
0,218
0,390
0,217
0,370
0,216
0,215
0,214
0,353
0,213
0,212
0,400
0,211
0,210
0,358
0,209
0,373
0,208
0,398
0,207
0,434
0,206
0,399
0,205
0,313
0,204
0,394
0,203
0,415
0,202
0,441
0,201
0,407
0,200
0,439
0,199
0,369
0,198
0,340
0,197
0,339
0,196
0,195
0,194
0,430
0,193
0,192
0,377
0,63
0,406
0,62
0,438
0,61
0,388
0,60
0,380
0,59
0,345
0,58
0,342
0,57
0,330
0,56
0,55
0,54
0,446
0,53
0,52
0,359
0,51
0,50
0,352
0,49
0,338
0,48
0,387
0,47
0,341
0,46
0,391
0,45
0,332
0,6
0,5
0,11
0,4
0,2
0,3
0,7
